created_at: 2025-05-17T01:23:17.159366
cleanup_at: 2025-05-18T01:23:17.159369
session_dir: static/temp/session_20250517_011836
